16690.265625
17230.419922
16017.417969
19295.029297
23808.787109
6331.510254
58371.085938
5051.549316
8835.164062
1854.200195
2213.834961
3516.540771
9351.714844
5595.861328
16267.327148
6261.998535
15107.507812
28244.357422
5142.542969
19692.109375
9472.866211
7918.023438
7700.495117
3677.444336
11512.531250
115856.734375
2047.409302
3236.361572
27356.330078
8199.511719
6140.097168
21950.892578
7264.477051
985.550171
8136.349609
14046.989258
27920.941406
9859.336914
10208.105469
2063.100586
15320.386719
9099.912109
8033.282227
13756.761719
12706.783203
921.066833
2980.433594
180.039673
3358.839844
5295.168457
2327.416016
4981.221680
13025.826172
16987.513672
3400.401367
12912.009766
83990.523438
3867.211182
4961.861328
2540.802979
18615.062500
216374.484375
48742.832031
1593.978149
81657.976562
5832.250000
10102.579102
2636.349609
12730.451172
4062.149170
11347.701172
18748.097656
5664.315430
22748.802734
4268.513672
21471.869141
5787.817383
751.840454
18283.474609
8467.019531
12271.280273
10632.783203
11692.664062
69478.859375
19717.796875
28076.941406
19056.671875
2124.270508
6784.557129
1139.583862
16348.695312
6825.966309
1198.601807
14166.886719
6028.689941
24499.576172
17707.708984
812.310791
17716.103516
30226.720703
8759.258789
8705.309570
8796.727539
7884.951172
1339.641235
21977.283203
717.649475
554.482544
6128.539062
13411.940430
14180.677734
1494.190796
10068.824219
8167.372070
10912.882812
6573.082031
7353.031738
18283.457031
7784.303711
3439.633789
1756.976562
3005.777832
22757.214844
22531.339844
3265.701904
57.176868
5174.164062
40235.921875
11018.669922
3644.006592
14666.818359
15145.590820
559.684937
12375.284180
2078.809082
3042.266357
5897.439453
4893.669434
23019.070312
10725.812500
16872.296875
28546.945312
2523.451660
671.024597
39138.496094
18964.193359
2886.444580
17640.667969
35331.664062
1281.041260
13819.815430
10972.714844
2702.277832
294946.218750
2833.224121
15201.352539
15895.195312
2860.187256
17497.472656
7149.329102
3595.525391
12820.250000
10291.412109
6216.348145
15598.765625
4200.090332
12854.695312
11993.028320
5546.233398
10533.187500
13272.199219
7159.270020
5548.281738
25658.539062
17354.591797
19268.625000
37953.128906
21154.148438
56619.398438
3112.953613
512.228699
9725.716797
2755.028564
25552.169922
32643.060547
15204.548828
22865.126953
1622.928345
6426.066895
1914.366455
5679.952637
4125.702637
9925.397461
5102.985840
5909.674316
21966.345703
16671.765625
40268.929688
58418.476562
14315.065430
2207.365723
4023.701172
7450.128906
7921.488770
11208.552734
6031.306641
20628.402344
8507.084961
35832.593750
4101.367188
1678.748413
7221.478027
5305.453613
5794.324707
3500.335205
9584.067383
11733.970703
1499.423828
4455.797852
13281.111328
2487.260742
9787.583008
12371.562500
17032.392578
6532.432617
28072.677734
2925.909668
15943.767578
8488.917969
3846.568359
5391.457520
6799.405762
6318.821289
5677.976562
3471.853760
7675.530273
11931.760742
15526.054688
7559.033203
9561.726562
4293.676758
29113.087891
9488.691406
9944.993164
23661.083984
5269.474609
6086.383789
19795.998047
959.959595
7191.099609
14554.199219
29001.058594
5788.664062
3436.547119
3659.721191
8366.638672
19936.492188
841.966736
5174.271973
17869.644531
22765.197266
20089.625000
3858.227539
6478.853516
1541.572632
2327.195312
21714.062500
3149.929443
2072.979736
8300.080078
19337.929688
6645.334961
3113.791260
3033.088867
7613.636719
7170.134766
25750.179688
21498.353516
25872.833984
3477.282715
7388.009766
20891.177734
13997.177734
12886.296875
10939.705078
5237.977539
12396.640625
9019.922852
471.807068
10857.943359
43044.062500
2323.416016
6374.636719
6900.207031
16315.964844
9968.625977
3156.881348
22766.195312
18318.201172
3012.358154
5363.469727
6891.264648
5255.080078
37799.234375
6090.621582
849.840576
1818.716064
40928.570312
6591.226562
49579.199219
7045.056641
1479.568237
35317.089844
4770.825195
19028.951172
2167.311768
2976.451416
12618.611328
62829.601562
26040.722656
12255.017578
35403.273438
14691.639648
17792.472656
56856.390625
14675.488281
12559.707031
34361.535156
29350.238281
5440.197266
5394.572266
4241.939941
18743.976562
8452.050781
5049.315430
13565.723633
25279.451172
2706.439941
31781.501953
11512.989258
7321.704102
40137.011719
3914.467773
9349.005859
4406.468750
1243.660278
9673.243164
4520.574219
5318.659180
20061.640625
5131.001465
3625.719727
13187.624023
11728.033203
16683.919922
15080.666992
8178.135254
62954.316406
12075.820312
10450.596680
34074.292969
15931.822266
21717.197266
12507.560547
2316.461914
21675.669922
1961.769409
2641.787842
15941.355469
31266.335938
19106.937500
5363.362793
2030.281494
2827.984131
15868.882812
17080.445312
33605.710938
13959.123047
3420.011230
4340.583984
39139.878906
40329.343750
9489.062500
10820.547852
3305.766602
2372.967285
1816.608398
5910.260254
2959.723633
848.276733
15317.431641
50348.902344
5671.402344
942.451050
9323.093750
888.289795
8307.672852
8846.673828
18912.960938
34900.875000
5078.905273
504.859589
16817.654297
11740.496094
8588.313477
7196.216797
13163.863281
24073.808594
12395.711914
8166.207031
5872.722168
10718.912109
6472.817383
7893.103027
1221.582031
7573.223633
19081.675781
14813.537109
42194.066406
5367.244629
4230.566895
24314.207031
14847.827148
5026.795410
13365.977539
21593.505859
27364.914062
16352.340820
21611.363281
13761.132812
10559.712891
4140.679688
346.915344
22913.373047
32707.111328
8566.405273
25633.449219
11768.996094
705.714417
10143.550781
10186.724609
3961.416016
34453.601562
18527.158203
8289.964844
4767.937500
8111.537109
20910.291016
4903.089844
13679.378906
3753.921631
4771.638672
4544.801270
1810.115112
6551.429688
2476.874512
1441.316650
13939.786133
2694.924072
19442.134766
9320.890625
21785.320312
21974.789062
6322.926758
12403.973633
14696.205078
5114.052734
14711.501953
2908.143555
9432.662109
1735.230713
15328.361328
5084.450195
20081.925781
78272.710938
9461.575195
4250.664551
2216.933594
9593.056641
26546.898438
6953.509766
15822.727539
5662.411621
60942.621094
36108.914062
26607.207031
15051.201172
25525.394531
7985.943359
13568.770508
5059.321289
9982.296875
9353.779297
15010.296875
886.007141
7376.535156
8808.007812
8641.152344
7540.976562
2681.493164
18034.898438
26044.416016
47359.484375
9140.638672
19359.927734
9372.681641
8383.685547
7241.105469
10459.728516
4888.118164
26175.603516
23712.765625
10302.996094
19834.542969
2145.136963
62164.324219
4578.247070
12228.072266
10374.474609
22684.585938
3580.320312
1825.092773
22509.451172
25140.955078
23993.460938
10525.322266
100892.257812
2929.426270
17914.812500
32110.302734
1616.841797
12081.064453
10141.774414
21122.982422
8978.097656
11825.714844
21775.941406
2151.611572
32010.136719
27504.990234
10499.217773
20694.537109
6025.791016
38047.144531
9851.502930
2175.728760
2922.781006
8968.086914
9532.065430
2574.252441
4142.399902
13715.046875
2794.641357
3388.814453
9122.566406
11342.121094
21193.541016
12177.372070
6370.770996
984.574219
5061.393555
12605.984375
4830.459473
2608.645508
11971.813477
14560.857422
8747.470703
19393.707031
14237.096680
23175.148438
10024.595703
14799.794922
35154.355469
14801.888672
5355.291992
1071.203735
334.970337
41961.660156
18408.304688
4518.881348
7314.876465
11100.903320
1202.402344
1735.400146
13398.489258
1026.834961
9469.563477
11738.610352
3337.042725
3752.796143
121309.921875
6767.737305
3146.089600
9136.185547
4011.881104
8051.525879
877.983398
48448.984375
688.693665
35496.539062
2280.570557
9212.217773
13036.156250
5369.362305
8949.440430
5450.716797
17147.417969
5032.966797
21010.068359
8130.666992
11529.907227
6247.956055
21245.339844
61382.218750
16303.438477
17063.134766
28467.744141
5413.007324
19334.275391
21439.867188
21515.484375
9953.152344
23339.005859
217.839050
34286.894531
19187.824219
6251.699707
2067.016113
3889.264404
7340.424805
5821.374023
256.337555
7797.278809
113164.492188
14412.418945
8721.875000
9697.816406
12553.201172
28568.648438
12838.471680
29920.708984
1024.271973
15674.879883
652.398071
3461.818359
16205.502930
7732.034180
6572.513184
15321.962891
32783.234375
12886.682617
2565.140381
41176.175781
33748.886719
2553.806641
11159.254883
14905.931641
26582.871094
2034.557373
6246.762695
7281.833496
250.078735
16715.515625
2316.134277
2859.947998
5159.779785
11448.200195
9302.097656
7835.446289
14424.734375
4542.599609
2536.287598
2184.987305
3194.711670
3707.527832
20275.574219
6229.312012
17749.609375
7296.897461
5609.830078
5836.504883
2295.407715
9111.333984
1253.971680
10586.025391
14635.059570
16371.259766
40200.605469
20715.365234
15461.849609
9438.121094
16744.029297
27726.195312
20841.283203
23874.218750
8874.596680
2216.491943
1577.187500
5302.633789
5450.217773
15379.457031
12213.376953
6049.409180
7630.249023
10444.251953
20226.859375
9230.104492
30575.447266
18187.257812
2165.153809
6231.051758
14996.333984
18545.208984
23803.560547
8741.642578
30755.849609
10578.383789
62807.203125
63719.804688
6735.460449
15130.565430
3391.619141
3352.740723
835.277222
10809.839844
5009.247070
6453.356445
1769.693848
11763.136719
4663.895996
3465.611572
6207.466797
38231.593750
6783.829102
35494.281250
2419.266357
10544.858398
24861.773438
42531.136719
6711.785645
6861.410156
18360.748047
982.947266
23319.945312
12086.402344
32877.710938
51163.187500
4158.809570
2623.990723
3525.626221
131.732758
14764.148438
12913.797852
2872.918457
2866.524414
8837.041016
3400.848145
20087.480469
15643.217773
123.091515
52658.800781
5128.606934
12229.616211
8787.217773
6526.875000
3198.894043
13389.949219
40030.804688
5597.615723
30291.933594
1289.708618
11981.941406
2668.487793
16563.117188
1564.171875
8327.668945
780.072388
17034.404297
46798.453125
3101.067627
57300.773438
3571.243652
2709.648682
3093.193359
5723.487305
10301.890625
2658.412598
20055.591797
7173.557617
11259.215820
12872.871094
44724.863281
2794.241699
2961.009521
4472.558105
11805.735352
17858.998047
29331.863281
9277.996094
14137.375977
15548.157227
15213.214844
11496.086914
3335.094482
26827.832031
4397.669922
5069.869141
2981.380371
15247.176758
7291.027832
9122.466797
6686.687988
13195.921875
47967.875000
9405.703125
2808.712646
3994.328125
18605.589844
11552.490234
9375.474609
10113.261719
19132.757812
38824.113281
5954.082520
3126.474609
7326.208008
7255.586426
9765.406250
7242.500000
23835.433594
4420.599609
5244.038086
3162.570557
10573.094727
13894.300781
49657.546875
14439.930664
2702.214600
2878.725098
4223.764648
18186.248047
6233.781250
7945.263184
10104.926758
14634.104492
10736.992188
12521.943359
15734.067383
7024.523926
5591.938965
31884.960938
23062.050781
23135.541016
15651.656250
8489.852539
44692.363281
6917.580078
4165.232910
11724.465820
6977.872070
1975.911865
1709.981445
7907.142578
58018.378906
3457.281250
1759.202271
22040.544922
5531.458008
7564.353516
8939.653320
10129.383789
6321.737305
2714.889404
12643.119141
14708.795898
10593.849609
7557.220215
846.332825
66.057549
11660.871094
66304.359375
8844.537109
13326.166016
10829.039062
1801.134277
17395.378906
18842.164062
32053.435547
2658.964111
6374.975586
864.288513
2000.063843
10985.453125
8079.649414
3435.176758
10184.440430
3951.340088
1238.420532
2186.064941
25436.744141
13597.146484
14310.933594
3260.674805
19733.869141
9412.309570
18975.279297
8444.100586
544.348633
14248.296875
15228.376953
36944.089844
14975.731445
6207.840332
11686.945312
103497.796875
65243.031250
15104.351562
10204.048828
5983.083984
7946.595215
8115.979004
11623.612305
4674.029297
19639.136719
2688.882324
986.898926
16442.980469
14402.796875
19034.142578
4205.942871
44960.542969
7286.581543
8175.432617
2808.336914
17427.449219
9665.320312
3405.628418
2624.225342
11794.290039
2315.265381
10674.299805
7425.406250
7896.576172
5777.417969
7707.601562
136880.687500
13228.611328
1686.989990
9780.026367
2599.027100
18040.427734
12973.397461
17106.759766
51360.109375
19243.708984
39354.097656
1905.157349
1446.919312
3428.070068
994.884399
36588.519531
2274.479736
17231.455078
29649.167969
2929.202393
9431.605469
19606.294922
1096.148804
2832.777588
22987.029297
24801.574219
7488.201172
18011.601562
10027.226562
12121.539062
4489.585938
7030.550781
34959.285156
1242.783081
10668.666992
3327.322510
14950.585938
5590.613770
24224.320312
11775.563477
53575.953125
6157.025391
8154.489258
12611.688477
10809.449219
8146.412598
5241.269043
9953.673828
7393.783203
16191.068359
2443.031250
4427.390625
10522.698242
4868.904785
21891.947266
2186.366211
28916.304688
4963.621094
7799.094727
17011.167969
2692.546387
16964.777344
11390.763672
7950.459961
3644.563721
34602.605469
28118.781250
6897.963379
12795.359375
26660.851562
5055.065430
7143.826660
8994.867188
10338.768555
17109.855469
5702.106445
27045.500000
14089.223633
28363.642578
28089.748047
5519.034668
4941.503418
43323.839844
23550.259766
34480.921875
13453.911133
9337.293945
10420.749023
8878.275391
2173.582031
11430.418945
1720.489624
8794.808594
29636.753906
10447.346680
2837.308350
114100.820312
7120.145508
15984.813477
23259.421875
10883.025391
18235.207031
524.151428
12901.410156
15500.707031
1252.856201
4651.392578
9595.754883
24734.476562
25714.097656
3608.368652
25108.009766
25478.050781
9258.033203
6221.978027
5165.003418
35914.558594
1451.698364
18996.845703
7367.586914
20990.705078
14558.767578
1638.801270
3542.671875
21194.726562
22211.375000
17059.531250
5088.348145
658.885803
7190.050781
22920.070312
10843.898438
11606.247070
10306.378906
3711.428955
9475.442383
12753.286133
17605.837891
1863.129395
1180.872070
1795.062744
4239.441406
12347.138672
10574.264648
18540.464844
11429.111328
14312.772461
14800.417969
8851.861328
8134.705566
20879.097656
9251.586914
33108.148438
11525.227539
2544.204834
1392.352051
23569.681641
8044.384766
5641.870605
15248.308594
4566.859375
7093.991211
11796.991211
32178.570312
1836.194336
16186.903320
4884.563965
3212.889404
7149.010742
24903.582031
4660.786133
15731.227539
30705.042969
5820.749512
1903.252197
6943.333008
3169.212646
3556.624756
6896.468262
16150.180664
28488.222656
4988.775391
2918.082275
21766.779297
46263.417969
19354.164062
10385.545898
30649.128906
10428.227539
2381.277588
2168.963623
16839.398438
6715.576172
14862.213867
7899.846680
15550.442383
3930.122314
16356.407227
44388.898438
11723.283203
12510.193359
5851.006836
8074.580566
10881.092773
20386.890625
5035.431641
14770.389648
13546.821289
14108.777344
3022.541016
18381.353516
21404.103516
2389.112549
6330.708008
9393.172852
13758.766602
4987.367188
3523.106201
20041.742188
2184.308594
15393.048828
15627.329102
7562.895020
6284.265625
2037.126831
12468.490234
27885.654297
5220.772461
8850.418945
5316.777344
3740.780273
12958.048828
8304.436523
8776.631836
4339.606934
7365.272461
19478.769531
12749.480469
2493.131104
4989.584473
991.180542
1693.435303
9205.014648
7825.934570
7015.490723
21780.210938
32873.246094
15552.168945
3016.518066
1765.684326
11421.856445
127417.335938
13221.718750
26501.033203
13620.192383
6104.811035
1561.211304
3763.162598
18517.308594
17251.089844
1415.949707
11180.018555
5929.787109
11468.757812
43514.812500
15294.126953
18670.039062
25057.398438
7534.240234
2478.541260
35320.375000
3558.045654
14838.423828
32277.185547
1058.870972
13951.718750
44461.574219
26092.033203
1134.327881
22238.925781
10025.902344
8356.153320
36655.683594
6221.368652
4454.857422
6807.443359
6328.493164
29401.214844
4831.836914
9576.134766
4885.714355
3242.102539
13122.439453
10273.753906
7105.289062
13667.279297
1317.704590
14610.087891
7700.210938
8175.145996
20073.093750
10565.111328
6430.805664
11654.786133
6856.274902
19320.867188
11485.736328
2697.032959
10678.344727
969.052856
20218.457031
71211.382812
7068.901367
9028.634766
14178.825195
22955.566406
4344.819336
23215.876953
5461.906250
31539.964844
16436.718750
5392.343750
1976.511963
8013.726074
6483.797852
11593.538086
8410.975586
12012.209961
4391.074219
14644.949219
49157.886719
28666.787109
14112.462891
5970.922852
12157.181641
13621.428711
10876.961914
24540.849609
34661.218750
11340.633789
9868.216797
42921.511719
3425.138916
1527.790161
7572.034668
5023.733398
6612.628906
2519.658203
1922.281372
14619.901367
17892.478516
6901.029297
8704.642578
319.608307
4766.276855
2248.452148
4600.934570
20938.652344
1199.350830
4898.132812
13864.215820
5483.639160
1696.593140
2041.526001
931.141113
806.813660
48606.253906
13118.742188
4102.027344
20701.103516
1846.847290
5335.227539
7699.638672
7487.096680
2631.611084
10915.822266
10917.049805
20046.904297
4318.148438
5047.817871
1806.280151
4783.124023
50985.562500
15790.894531
5965.793945
44508.050781
4350.769043
6322.937012
8092.774414
13800.585938
4632.723145
3093.998047
1564.066528
3305.955811
6839.946289
4842.239258
35511.019531
7506.744629
1850.012451
15826.798828
9236.313477
9730.766602
7331.749512
5363.992676
9275.559570
460.947693
13241.799805
561.434143
16621.574219
1221.655640
9766.737305
4303.143555
3404.448242
14830.337891
4748.092773
2125538.750000
9086.000000
13053.292969
3240.353760
6100.985352
1843.236084
15524.666992
5863.613770
2680.219238
68942.507812
9717.645508
1935.075684
1077.249390
20001.431641
5941.901367
7504.949707
9653.560547
3047.165527
6318.250977
2736.492676
21881.566406
18976.839844
11659.773438
9054.510742
37492.320312
3966.034912
2036.426270
8714.308594
1451.651855
2096.636230
24546.416016
12419.040039
93202.218750
7207.200684
10476.776367
4385.318848
13965.659180
15159.229492
28981.935547
999.241028
28910.707031
38642.210938
335.328705
8395.332031
9365.635742
7642.508789
7599.351562
5222.434570
9540.371094
9945.693359
53563.500000
15231.448242
1045.049072
33059.460938
10172.050781
6094.117188
17752.494141
2526.449219
5198.043457
1072.687622
323663.625000
22061.205078
45954.886719
2000.600586
9688.048828
7261.512695
17840.886719
20762.652344
7488.073242
21420.320312
11324.419922
2015.103882
4195.260742
2048.250244
12020.874023
4336.584961
5464.700684
27599.566406
13765.185547
7183.634277
35398.179688
2664.199219
933.817383
14734.282227
7848.841797
3895.080078
19482.109375
19786.861328
16008.564453
1234.781616
32446.613281
14964.984375
14202.104492
891.515930
7338.210449
14537.545898
23518.736328
15969.682617
19170.695312
11663.973633
172.569748
7095.606934
11126.886719
21522.914062
8880.033203
8772.009766
8079.636719
51130.785156
1867.109863
23556.865234
11003.991211
291.854309
10790.191406
15972.990234
29932.363281
14092.072266
14796.027344
5328.603027
18436.167969
13574.085938
2111.419434
6854.390137
9717.378906
1802.011475
914.995056
1278.604858
10134.233398
9570.261719
16747.648438
2177.411133
11626.518555
13766.349609
7790.389160
35168.359375
5506.252930
12693.211914
11296.985352
5468.507324
9560.794922
1830.942749
42216.812500
10012.953125
4234.993652
28152.978516
3328.702637
12723.107422
2981.420166
7298.237305
2849.745605
2668.061279
53139.468750
23412.333984
5020.322754
15724.300781
3979.685547
15642.434570
60448.042969
4707.424316
213060.375000
7230.673340
211.460846
17730.347656
1996.009766
13967.408203
1639.957764
29694.296875
1699.196289
4215.372559
6409.655273
16644.240234
5625.230469
7806.690430
6979.191895
3836.125488
2268.479248
7455.592285
8135.548340
3157.365479
4537.691406
3241.428711
3274.510742
17668.402344
3180.774902
3367.208252
1509.645386
2418.830811
3653.177734
915.063171
27169.392578
1006.933350
7379.077148
12482.379883
2019.274048
21077.527344
2260.247070
1513.252441
6534.882324
7427.724609
6319.136230
2568.924561
4550.456543
38378.503906
33057.117188
12622.288086
9813.089844
2480.722900
7221.335449
12780.792969
1074.287231
8110.735352
25309.792969
5949.451172
12126.077148
21066.062500
529.072693
7748.153320
13967.476562
23947.681641
21261.791016
17573.072266
5554.256348
2187.700684
35695.816406
10856.263672
30327.328125
81617.976562
16641.236328
9630.655273
21918.962891
29545.353516
20206.937500
5219.404297
17520.814453
12059.982422
24370.597656
1696.487549
8366.706055
15048.999023
5975.071777
13966.587891
831.597107
11867.761719
7845.857910
11667.769531
1410.382812
3639.180664
5328.662598
12535.954102
5921.352539
1865.783813
2408.994141
9828.112305
5965.456055
9154.589844
8587.623047
20556.779297
7272.015625
10520.666016
9411.219727
14803.678711
1748.699097
8321.950195
4409.958008
29687.357422
7813.291992
19695.089844
53599.804688
3438.146484
17589.839844
17883.890625
3349.464844
3756.731201
8078.458496
7995.140137
4795.917480
4685.957031
33541.851562
10782.205078
792.401001
4154.992676
3018.746582
9249.134766
14928.083984
36261.562500
6033.215820
15738.970703
25733.234375
35779.050781
15608.171875
9656.550781
1537.573730
8602.261719
11701.572266
1529.925537
5541.435547
30042.234375
8096.685547
21511.238281
6525.376953
2858.155518
11698.775391
2047.624756
3230.924805
24366.933594
14450.491211
11889.817383
8798.677734
9489.013672
17732.767578
7848.813477
3293.398926
6869.830566
7695.432129
4270.789551
801.426025
15216.964844
21575.732422
36775.968750
12979.812500
2725.774658
9879.292969
16146.798828
2852.822754
14031.283203
25748.648438
35789.519531
52161.519531
11129.347656
4867.602051
15295.080078
8550.609375
10811.082031
1645.643066
14320.225586
2044.368408
23337.046875
3300.166992
9385.501953
13788.944336
7711.724121
2498.014160
2156.672363
9713.589844
8118.642578
10032.562500
2236.358154
10725.668945
16293.793945
18464.330078
6392.543457
3521.598633
14688.750000
8556.910156
2454.351807
33506.335938
1182.576294
22882.591797
5678.900391
31443.380859
69908.703125
22567.248047
6840.583496
3629.359619
6774.032715
11910.120117
6713.190430
15784.594727
18565.712891
19335.929688
23424.425781
3965.330811
2478.976318
356.361389
5823.164062
5262.320801
6652.385742
43669.687500
13431.554688
17625.021484
4155.950684
4713.039551
314.891296
10797.494141
43378.996094
9984.259766
5949.522949
16444.035156
12291.870117
2529.291016
16418.832031
79396.695312
2667.642822
14709.281250
20992.246094
15890.279297
3072.442383
116206.546875
13980.295898
2973.015381
8110.440430
14486.864258
2840.629883
1602.924316
3003.541992
35545.792969
27392.609375
8491.444336
7053.437500
18796.726562
5175.179688
15209.517578
7944.440430
10472.130859
4354.930176
10309.255859
4800.161133
5585.869629
13224.978516
8837.131836
22429.505859
6852.289062
23449.583984
7187.349609
725.552490
10220.942383
11641.629883
13692.679688
1966.746582
4068.372314
9195.821289
13955.181641
11090.086914
670.148010
10209.667969
14558.093750
10165.972656
10005.479492
1186.554443
44861.757812
1059.446289
4334.477539
5047.407715
1908.429688
4901.745117
27943.304688
14663.244141
1757.690918
3968.282227
15750.935547
792.511414
37985.820312
1370.589111
14747.562500
13429.500000
48263.945312
3449.887207
7589.301758
16813.976562
12881.396484
6549.430664
20193.847656
16914.580078
18666.410156
15460.094727
29580.101562
22717.326172
11600.577148
15062.085938
25385.878906
20267.539062
8690.997070
9695.987305
3318.390381
11785.229492
54318.859375
4920.560059
8181.360840
14035.485352
5993.781250
15300.770508
24334.421875
4372.898438
7594.546875
7633.010742
3765.803711
4489.572266
11962.427734
20701.521484
7092.809570
12817.896484
8694.205078
21710.501953
25215.490234
9602.099609
4357.279785
14244.015625
4959.099609
8045.214355
27848.042969
9316.206055
7887.034668
7077.303711
2459.919189
25507.943359
17131.953125
8759.185547
15311.340820
8102.140625
697.025452
7614.215820
10417.011719
10092.714844
28720.785156
18314.349609
81061.257812
74207.507812
9197.566406
22898.978516
6052.556152
1829.140137
7854.828125
15446.348633
13527.705078
3508.187012
8565.259766
6784.852539
2886.740723
1566.805908
4173.281738
11921.264648
2075.077393
32429.083984
11967.301758
6477.328125
3382.788574
10901.921875
21908.607422
7281.285645
31034.042969
16807.869141
14309.048828
9776.821289
21097.417969
15209.705078
14527.622070
9924.911133
21478.238281
21267.789062
9578.253906
2571.688477
5132.291016
3430.066650
14329.900391
4423.474609
4547.964844
4763.547363
10678.222656
14265.697266
3414.376709
2130.781738
16366.154297
26054.492188
17434.919922
4202.640625
47535.093750
2042.110718
15769.530273
6823.558105
94875.406250
30207.535156
8443.349609
12713.715820
10706.955078
6308.494141
15866.725586
12676.143555
38676.703125
7155.116699
3611.864258
3223.518066
2973.738770
13164.940430
17129.441406
15377.001953
3787.111328
6098.665527
46955.453125
1379.868408
3979.083008
1526.663330
22042.019531
1655.192505
13037.213867
12998.923828
8606.216797
10450.941406
12769.161133
1165.243530
118.608299
81377.859375
18366.933594
11057.495117
16352.023438
4521.225098
5434.896484
7890.174805
15428.087891
28576.777344
7051.337402
1177.477295
1647.195312
23664.658203
42719.843750
8878.765625
7678.592773
5730.176758
2011.978638
3837.516357
10370.106445
10960.549805
3794.126465
4553.747070
5994.196777
1143.206055
4479.325195
11688.303711
15795.671875
14831.623047
14058.208984
3747.645508
17450.929688
11765.805664
26975.613281
2143.828125
12285.534180
17341.285156
21630.193359
12666.945312
4047.494141
9961.723633
12043.868164
22820.607422
20030.273438
23241.119141
23673.787109
24317.259766
1664.398193
18000.439453
1600.587646
1756.548828
13720.244141
25203.275391
11521.398438
13781.253906
13710.492188
13829.875000
11982.315430
6521.734375
119560.570312
19302.410156
128944.578125
14772.893555
16185.146484
15815.753906
5947.799805
7691.253906
8313.849609
53653.960938
3345.784180
5566.688477
22671.472656
31093.625000
4917.261230
2642.062012
224.614288
10771.055664
11950.706055
36921.203125
30527.582031
7348.072266
3497.106445
23655.222656
30416.710938
4131.850098
17423.429688
5547.059570
1013.202209
2382.727539
25473.753906
17526.087891
3273.353271
4360.234863
2022.525635
8922.539062
580.834717
1970.222412
6297.404785
7208.196289
13051.741211
28203.554688
3842.291992
7284.324707
13600.368164
14376.738281
8365.795898
11168.259766
9392.089844
12444.518555
4044.911865
5629.239746
7514.015625
4921.234375
15451.205078
6843.992188
2230.761963
16637.658203
6255.848633
4722.557617
21275.847656
2163.019043
7001.811523
8222.119141
1481.750732
53878.164062
5718.973633
4441.191406
5941.751465
8261.462891
40491.925781
5376.588379
16892.072266
14124.533203
10623.838867
6287.396484
11471.947266
12789.926758
7873.666504
32920.234375
965.686035
40055.265625
49150.199219
1155.000854
2383.284668
26463.208984
5880.151367
26027.017578
11816.067383
26194.638672
4771.400391
2509.931885
23291.486328
7595.672363
5046.809570
1657.288574
38515.992188
4354.654785
8250.929688
8062.023926
7481.159180
9603.308594
18369.177734
13686.503906
7312.187988
14666.321289
5418.046875
32021.015625
2822.455078
18776.085938
16209.790039
11358.955078
14577.443359
14078.860352
14205.599609
10273.209961
16898.705078
80613.406250
5611.750000
11499.955078
19012.517578
12761.966797
24789.849609
68258.140625
23986.441406
2866.241211
11605.597656
5694.176758
39562.105469
11511.296875
20137.707031
5676.353516
6628.121094
22858.937500
5916.588867
5710.633301
667.477844
2784.400391
41829.035156
281254.625000
16719.548828
1402.348511
18567.035156
10640.116211
3681.551514
14841.314453
6790.287109
3466.795166
5407.912109
9002.552734
2072.586670
2907.424072
13075.798828
21299.812500
17551.996094
18698.207031
18366.527344
8577.844727
34070.617188
21922.820312
4210.100586
9849.945312
7564.199219
6742.708008
6215.802246
5210.164551
4845.506836
17112.152344
7646.995605
3588.793457
9337.666992
13733.540039
11249.096680
5386.902344
11998.580078
8108.525391
1918.764648
59050.871094
19542.886719
7137.954102
2612.097900
3829.013672
24581.148438
10557.107422
3604.755371
33392.281250
978.569092
4074.466797
14651.812500
9192.387695
23243.917969
2126.757324
720.078979
19016.255859
28413.646484
18188.472656
6688.370605
2632.353516
2149.684814
3674.466309
1648.004395
10722.153320
16801.134766
13590.342773
19572.726562
10822.012695
1080.103516
3664.405029
4857.583984
3531.349854
30337.052734
14693.792969
9958.718750
76610.296875
36986.207031
8703.822266
3244.060547
11435.662109
16386.035156
21047.835938
7250.362305
13407.058594
26994.652344
1828.946533
39818.625000
8919.782227
269.049042
3428.448975
8231.277344
3451.375244
2311.790527
6178.113770
2698.428711
8163.568359
4032.813477
2060.229736
5914.178711
12588.259766
3417.492920
11775.856445
32165.103516
14116.238281
13652.343750
1161.540283
6912.003418
388.802765
3558.600586
392.364868
8405.191406
28403.890625
8581.749023
7694.437012
27094.263672
11992.704102
37403.535156
64726.195312
2543.818604
24531.179688
7536.475586
13429.756836
2712.388428
8234.875977
23110.775391
31006.173828
4205.167969
6543.806152
7557.780273
14253.769531
8403.200195
14075.504883
32299.138672
6512.493164
19742.216797
18975.232422
440.793945
13459.662109
41061.414062
12277.808594
16963.814453
26820.921875
6925.952637
38420.804688
6549.459961
19511.468750
1396.329590
4018.432617
9174.844727
4149.983398
33948.003906
7858.987305
8833.409180
10048.611328
16065.522461
729.578979
1753.641724
6204.090820
8999.231445
6172.956055
2630.985107
17195.826172
9141.783203
11775.105469
4871.778320
1665.039795
23514.300781
19537.787109
8927.758789
20408.611328
22919.904297
637.535828
9121.840820
2368.156494
3600.955811
3302.352783
8508.283203
10836.345703
1657.875244
14389.018555
5542.747559
6214.574219
1833.503784
3042.852783
24923.023438
17847.294922
6523.819336
12564.773438
23774.330078
90393.992188
2457.847900
4157.937500
44195.886719
3636.934814
5771.450684
2939.773438
12757.155273
125991.351562
11401.820312
14090.501953
2985.697754
19914.253906
9373.850586
10722.777344
3894.510254
7280.798828
4781.382324
28783.058594
3789.736084
6974.771484
22801.808594
8663.537109
4731.300293
18298.587891
3561.715332
9378.454102
7615.927246
21018.812500
9503.918945
6391.792480
5022.020996
2932.716309
11443.450195
14857.222656
21952.814453
9865.738281
5279.187012
12591.566406
10701.004883
36442.699219
9625.075195
47254.191406
1417.396240
8122.722656
5626.331055
9083.819336
5240.422363
2027.130249
15636.517578
9397.897461
12454.519531
5289.394531
16271.052734
20324.123047
14931.632812
28932.460938
5118.255371
11743.019531
14912.353516
12256.202148
33870.519531
3796.105713
3244.259766
10220.709961
2320.522217
13123.502930
26982.330078
13983.337891
11592.772461
4642.355469
5888.507812
8876.373047
2289.761230
9491.683594
8410.754883
7583.800293
7159.565918
9453.061523
4666.113281
18191.640625
21348.507812
8560.163086
2947.986084
7084.817871
30682.476562
1991.975708
4542.362793
23861.812500
7714.545898
11272.746094
776.114685
18487.042969
2776.251953
78875.343750
12078.953125
33415.535156
3572.267578
973.422241
12207.085938
5659.455078
654.233154
4558.828125
2449.069824
16203.952148
9564.092773
56168.324219
9601.193359
21621.972656
6212.908203
10491.759766
9079.731445
985.592285
1070.332642
7757.286133
4603.013672
7751.418945
4078.004150
22815.162109
3534.978027
9846.821289
17868.998047
3363.404297
2089.097656
9563.125977
21079.517578
31816.103516
6651.580566
6924.632324
2819.949951
10399.966797
7657.374023
13584.347656
1977.213867
7971.568848
64815.000000
4371.781738
3626.400635
1044.567871
2908.311279
25307.158203
5206.488770
8046.835938
22642.449219
27752.839844
2866.357910
19473.861328
15920.681641
40091.410156
2086.360352
11652.150391
25402.423828
1939.110840
9911.287109
24302.421875
16575.019531
5382.504883
23719.916016
2934.701660
3948.380371
10970.908203
29978.529297
5259.664062
19426.531250
6076.347168
18687.587891
10142.939453
6221.796387
1982.120117
6165.095703
42337.464844
15256.224609
4504.111328
24866.361328
7878.562500
23602.042969
6625.217773
20138.816406
13061.025391
2804.363281
7364.711914
4724.862793
4658.509766
10839.204102
33112.039062
21878.675781
4954.988770
2125.963379
6386.924805
35464.214844
13495.583984
5345.203613
12824.284180
9338.254883
4832.464844
4144.088867
15378.449219
4134.921387
2689.212891
5985.620117
3243.239502
817.754333
29883.611328
13813.671875
69378.289062
3740.469727
2265.430664
4840.969727
8423.916016
64556.878906
5103.039062
238065.015625
23878.162109
6594.505371
8529.258789
3615.557861
13518.660156
2347.678711
3836.613037
10064.566406
557.032532
750.026001
8494.411133
18765.781250
5643.412109
7258.668945
6443.081543
24708.894531
2015.573730
4719.872070
23220.712891
5941.275391
25956.650391
1960.409912
5544.886719
1197.639282
1870.021484
19444.531250
5278.965820
11900.739258
4232.415527
20879.791016
11052.779297
2389.105713
23409.609375
4147.666992
27179.875000
6419.410156
13368.959961
3094.717285
3215.903320
485.493317
6362.526855
4489.766602
23812.320312
5188.061523
28688.060547
2140.229248
7112.546875
6066.489258
3217.574707
40058.453125
9724.387695
25650.607422
9976.608398
14855.830078
12211.527344
89675.359375
7425.373047
652.655457
2203.755371
10739.464844
15899.137695
16732.656250
9493.711914
17264.203125
10901.762695
15808.294922
14873.041992
24385.839844
6480.467285
9543.320312
21532.564453
4788.783203
9873.286133
10330.232422
11685.858398
22419.125000
1812.887695
2705.162598
4463.604492
14969.979492
13169.205078
2477.275635
27834.339844
3471.407471
26127.654297
4232.685059
10637.738281
7555.736328
37917.824219
17190.980469
30107.673828
3324.762451
10504.555664
9798.658203
13848.343750
7449.141113
5557.615723
18444.283203
11296.826172
1070.165894
5391.653320
3433.238281
6243.419434
18034.917969
34228.792969
945.051086
10759.773438
23791.652344
8486.351562
16069.781250
73484.164062
11135.255859
17194.777344
12996.919922
15707.982422
6343.430664
12854.333984
13659.937500
23702.794922
30088.619141
7811.625000
10781.650391
14545.797852
4192.490723
4443.676270
19171.517578
9427.867188
18337.716797
9068.404297
13380.111328
2721.505127
5551.644531
21124.763672
13752.712891
3239.549561
34413.578125
6116.790039
3271.916016
22236.484375
13944.614258
9521.252930
10008.414062
17183.332031
3249.915283
12605.118164
11623.644531
31987.140625
16304.961914
16696.199219
1451.992920
10396.278320
76591.320312
19451.867188
3051.783203
146.734238
6649.130859
30759.703125
17349.214844
4928.305176
11662.317383
16065.118164
4812.964355
6624.910156
9639.229492
9877.755859
7822.030273
6009.324219
6768.611328
1217.527344
7179.256836
30438.558594
33965.503906
11870.617188
17426.712891
2905.823242
8050.824707
5884.704102
28688.714844
13612.940430
6865.523926
7209.402344
40916.593750
17477.841797
11096.594727
6537.626953
14821.029297
2346.732422
18700.371094
14786.279297
17170.613281
7048.540527
47688.210938
11021.468750
4528.022461
5774.303223
1283.463867
14160.679688
13317.662109
6364.889160
10175.226562
9500.219727
7040.758301
17928.958984
3725.324707
3787.893311
12754.262695
739.315552
943.081482
1613.786255
21211.835938
8141.734375
7719.670898
1238.489014
22966.984375
8819.937500
22501.890625
21946.054688
10268.486328
2027.519775
9267.411133
2911.585449
964.609741
4326.622559
1303.768066
12134.945312
3665.543457
16337.744141
31326.033203
8867.516602
3478.727051
10070.696289
11505.714844
3551.630127
30331.958984
3298.553467
11317.156250
6614.590332
2715.480469
42031.554688
13364.402344
2796.151855
12799.332031
22483.046875
3647.349609
5916.886719
20181.908203
15098.243164
5010.068359
62922.660156
9199.284180
2975.883789
6728.032715
3475.527832
2726.050537
33729.742188
23576.433594
4538.895020
12401.651367
2849.629639
54806.968750
18017.083984
8163.379883
4890.656250
20489.246094
20329.103516
3867.057617
16307.444336
8705.400391
19468.398438
25527.294922
16821.375000
25035.953125
21891.439453
3551.415527
2867.578857
25526.443359
57747.937500
6098.875488
13216.421875
2621.061523
1066.507568
3323.179688
39414.761719
10031.794922
15185.693359
63.353394
9801.791992
21179.492188
43576.199219
921.150024
1106.559570
7796.096680
476.078552
3269.220703
5766.616699
14099.971680
12766.133789
590.677979
6064.283691
28599.058594
20005.820312
8278.960938
34879.187500
35901.882812
23222.263672
50628.421875
2453.125977
23592.785156
11551.384766
14533.275391
15906.078125
2413.963379
17220.503906
5081.724609
12374.402344
26529.294922
101298.289062
8479.773438
550.065979
4289.361328
5905.560547
2295.135010
9712.487305
4977.290039
4510.788574
8552.471680
2474.494873
12196.843750
5207.706055
9336.531250
8627.678711
34344.378906
2752.641357
6822.118164
8447.442383
4447.892578
17403.335938
19867.640625
7893.215332
6775.069336
42375.761719
601.150452
13952.784180
8808.315430
12903.745117
7369.333984
12519.562500
13295.190430
31110.457031
6418.946777
3865.781250
14104.156250
729.712097
3635.365479
3557.221680
18811.789062
16117.571289
26308.736328
3256.907715
16376.764648
355.286011
10940.681641
7307.851562
5274.544434
15781.271484
13440.232422
5738.794922
4615.381836
9810.333984
2334.791504
8957.869141
299.433716
317.270142
3289.178711
9345.470703
9463.584961
9096.468750
22703.423828
8428.565430
5330.450195
7942.345215
6459.929688
8481.495117
8007.305664
24821.267578
20051.550781
16586.779297
5241.427246
23854.156250
10539.848633
7075.526367
3246.525879
2860.727783
3802.686768
6200.664551
22511.318359
8684.763672
24470.039062
8739.181641
12745.351562
39236.328125
6005.107422
15237.420898
15414.929688
976.388611
2061.371582
5457.152344
1110.946899
3155.329590
75098.507812
21073.498047
11127.464844
21765.314453
15904.021484
4233.788574
3090.224854
31667.080078
6505.000000
11945.141602
13476.757812
1648.484375
14376.382812
9564.772461
11440.715820
4005.199463
3017.241699
8938.372070
9303.469727
3040.563965
7393.781250
3828.562012
2438.350830
5660.381836
8402.933594
2940.943848
9433.328125
21401.923828
12059.203125
52306.863281
7151.543457
71979.335938
14357.974609
4570.981445
999.299805
2515.208252
30992.035156
5661.112793
4524.221680
3310.878174
20556.154297
17751.687500
2956.332275
34226.183594
23648.810547
14688.815430
6063.499023
28055.701172
7438.931641
1359.771729
3258.449219
2801.478516
1741.660156
33329.601562
16278.129883
6580.747070
5934.202148
3501.757324
44302.054688
6806.282227
5740.201172
10149.536133
8858.216797
6986.021484
4152.237793
30911.955078
11363.205078
18078.207031
7234.515625
54894.109375
13174.483398
343.413452
15476.131836
463.515503
33821.523438
4933.881836
1496.706665
34922.750000
4529.005371
2113.138184
7409.660645
21525.488281
3561.732666
3152.040039
2249.580566
5830.313965
4208.166992
5100.294434
3928.207764
3183.362061
5601.053711
1403.000732
4794.075684
7080.850586
3379.333008
6917.218750
28807.005859
43869.859375
15208.030273
9265.619141
16435.916016
12358.291016
6843.001953
3405.321045
10479.265625
8066.328125
11684.604492
63048.359375
689.883240
11126.047852
69263.398438
6898.758789
73602.515625
25608.013672
1189.403687
16588.603516
512.626343
28493.886719
21371.601562
3937.871826
17039.070312
6586.564941
3834.376465
17577.048828
143699.312500
3383.877441
14363.500977
18336.623047
13439.998047
22187.857422
5867.416992
10498.942383
2599.508545
9964.439453
17487.343750
9796.879883
4053.546387
4124.719238
3981.251465
3391.997803
34437.183594
28746.753906
4750.618164
13396.178711
9212.605469
30248.988281
8282.372070
8003.389160
7376.954102
317.583618
10319.954102
33028.511719
3929.936035
4856.018066
3354.467773
16963.156250
15722.732422
24903.976562
44295.390625
18854.042969
2237.235840
26289.708984
25516.927734
1331.225952
5525.827637
20812.265625
7148.307617
8810.874023
46974.546875
102943.921875
6584.089355
31036.791016
4138.746094
1785.248047
7495.663086
293.659180
7096.440430
4337.673828
25387.955078
21537.992188
4678.301270
10305.367188
8912.080078
7027.381836
7909.275391
18516.148438
3520.749268
29275.406250
9872.861328
11932.779297
28999.179688
31469.748047
4012.511230
12912.204102
5832.263672
2534.292969
8554.009766
19311.628906
10213.290039
3864.579590
14773.040039
19494.884766
9842.694336
16459.103516
4603.956055
6677.672852
7583.859375
2232.529785
3187.811768
4166.786621
4013.905273
7269.458008
23906.718750
23446.720703
13617.320312
4384.433594
17502.531250
10809.150391
1991.435547
23151.419922
4235.540039
2519.975586
7976.891602
6733.006348
23212.728516
7069.505859
6703.166992
1815.673340
6403.627930
7650.361328
13654.963867
10601.613281
3813.489258
3072.563477
4752.107422
1324.045410
27603.779297
12742.750000
12790.965820
7272.953125
1408.673340
25464.623047
3009.763184
22489.376953
15904.649414
10986.845703
1286.637085
15789.644531
485.261749
4380.815918
3066.236572
17860.953125
2534.056152
31318.816406
6685.274414
22802.353516
12538.947266
442.809814
12463.960938
10471.165039
20825.732422
4706.256348
2459.369629
5100.750977
11475.833984
6802.229980
15264.927734
3307.640137
31205.109375
7793.983398
1613.061035
84722.265625
6088.723633
10791.979492
1311.867676
12507.204102
3751.917725
29978.328125
13316.132812
2288.189941
8636.435547
12376.433594
27581.509766
14513.331055
3303.688965
10385.600586
22015.949219
22224.570312
12627.145508
50337.679688
52796.917969
988.494324
9521.473633
32548.593750
4136.626465
15196.855469
12526.235352
16698.119141
2863.321289
1601.997192
5006.364746
5135.707031
14118.336914
1606.902954
15622.693359
21405.480469
16373.553711
288.499451
13292.929688
5239.164062
9979.325195
12452.387695
17326.552734
31876.390625
9229.763672
4456.304199
83886.773438
4042.257324
11080.754883
20022.792969
4709.121094
8815.718750
6942.821289
5062.831543
15523.386719
7030.343262
13957.375977
21280.701172
7599.217773
5414.104492
18004.865234
5888.194824
14772.191406
7118.455078
13667.859375
12630.673828
6248.187012
8199.734375
1198.885498
15615.664062
5557.402344
5618.814941
19163.191406
12379.395508
11491.972656
14292.421875
28260.898438
6426.811523
7912.139648
7010.728027
24175.757812
14628.722656
16373.860352
13580.201172
5113.486816
1700.351685
1059.390747
8141.857422
7063.963867
2500.624512
7250.892578
6424.441406
23732.423828
5836.666992
53112.066406
8225.130859
12104.191406
6017.475586
2330.008301
7255.491699
15739.625000
4084.847656
6625.723633
14621.055664
6690.025391
6677.593750
14173.434570
7921.756348
16291.014648
9594.157227
52383.773438
27109.060547
6876.710449
8138.285156
12387.983398
1019.976624
9906.026367
874.249756
12667.121094
27302.443359
24713.910156
3119.268066
8973.658203
9811.405273
10969.167969
11777.774414
3291.885742
4141.886230
4159.097168
4333.017578
28369.019531
50650.777344
18644.207031
1825.070435
47860.105469
2858.251953
12263.442383
11820.623047
19806.156250
4096.739258
1888.690796
5483.777832
7995.600586
1782.734009
9339.197266
6863.486328
1254.545288
6158.410156
560.660217
4313.242188
25190.759766
26466.828125
6589.840332
5768.708984
17309.369141
19761.460938
447.085876
1145.625977
20055.427734
14895.911133
3760.122559
6879.339844
10608.691406
11041.802734
11200.038086
3225.429443
3796.549316
7155.363281
10021.887695
20927.263672
3894.249268
32788.605469
5649.028320
30817.345703
5860.559082
17950.781250
16616.453125
13520.211914
7478.546875
6328.008789
8031.473145
1831.062256
1729.398804
4493.715332
44604.281250
3751.004150
25777.474609
3271.414307
62799.324219
34209.238281
11532.072266
2059.999512
27121.519531
26420.537109
23967.712891
3790.970703
20209.441406
6354.127930
4357.341797
17807.578125
17126.126953
9850.708984
5162.408691
10525.136719
5618.496094
1478.755859
4240.909180
6703.117188
1080.610229
822.990967
2732.658691
1300.450928
10843.042969
14757.406250
4759.327637
4064.155029
5945.487793
2351.261475
71109.609375
9111.290039
4079.554688
6816.947754
7125.338379
43980.628906
12328.849609
17713.994141
8717.039062
4527.677734
19338.558594
4990.501953
3718.135010
7615.895020
22715.640625
17386.740234
9009.135742
23024.306641
6568.210938
8250.534180
1090.718018
3849.984375
14533.356445
11691.004883
18501.730469
29755.496094
28528.578125
24758.955078
1020.027893
17145.656250
2724.660156
20941.910156
3661.027344
13824.970703
1083.013672
7531.833984
1824.109253
6622.229492
21858.361328
4941.603516
38978.144531
10287.879883
16113.450195
8551.855469
744.534973
4096.023926
13366.486328
5589.828125
2386.759277
1614.349731
13439.179688
10459.684570
3594.510986
5966.946289
38072.351562
7060.317383
3223.599854
3164.128906
8149.288086
1895.932495
1551.684570
7137.527344
5201.247070
23981.304688
7812.113281
20512.041016
6704.944336
11147.486328
3530.615234
11788.070312
10857.136719
7852.748047
12529.657227
4327.411133
10657.465820
23902.292969
6166.143555
16315.473633
7579.401367
18177.140625
11101.068359
9266.907227
15467.741211
4047.958252
7311.711426
18325.269531
13004.882812
13173.820312
1771.600342
2587.866455
7306.902344
18743.273438
4397.970703
13272.975586
9567.580078
2159.641113
14957.847656
4513.480957
16119.527344
6076.824219
50686.250000
43216.945312
7613.500000
22579.296875
2229.985107
14680.570312
7348.852051
3769.073730
11771.969727
5101.571289
1703.435181
14267.818359
3626.589600
1887.085083
32209.960938
1024.624023
7253.395508
4047.643066
4554.621094
21509.566406
11026.985352
6219.263672
53506.125000
15979.740234
12069.623047
8859.310547
759.277283
27286.929688
6537.438477
20055.525391
15572.607422
12492.686523
4777.213379
25463.396484
16910.929688
980.111145
1200.325317
6144.103516
3314.732178
48504.371094
9791.547852
23275.566406
3226.715820
3145.570557
19719.257812
12695.370117
59328.285156
53448.804688
3686.859863
8083.708008
1405.476807
273.102203
8130.960449
21502.402344
2731.434082
2044.130615
5524.975586
23934.859375
2391.337158
3829.957031
6625.623535
2803.791260
30388.382812
14543.236328
5866.067871
11561.105469
19366.820312
69156.593750
3882.399414
23662.355469
16548.546875
2708.597656
11042.833984
6924.197266
13389.267578
12941.005859
16218.183594
74989.085938
12053.064453
9617.441406
10188.920898
41415.273438
7858.278809
2294.603271
43952.140625
9207.448242
14941.040039
53771.347656
25033.113281
9684.022461
12869.272461
5779.126953
15255.390625
9253.485352
2707.568359
9880.068359
9506.924805
1444.173584
8401.905273
3312.641357
2218.164795
3151.073242
5139.277344
5841.571777
2048.141846
12653.471680
9007.049805
2776.875732
499.678162
10348.815430
8591.820312
6800.472656
54201.062500
28026.742188
43151.050781
13695.420898
18304.314453
8185.144531
26314.232422
8971.682617
24580.167969
32906.894531
3642.552002
23389.138672
7904.520508
14761.137695
10744.091797
6994.281250
4847.406250
9111.180664
8704.927734
35454.019531
1822.779907
4394.382324
28585.611328
17343.417969
6292.319824
1905.411377
8359.312500
5182.376953
16915.986328
5261.954590
18421.539062
12140.720703
6139.224121
23696.031250
23374.462891
10636.283203
4114.695801
22470.751953
30646.535156
118.994492
2898.430908
23555.259766
7907.777344
13757.857422
68167.070312
5696.999512
5999.890625
2562.036865
20502.417969
28095.382812
5426.257324
8638.878906
43577.136719
5770.853516
1460.669312
17768.242188
2259.852783
15210.423828
2073.238037
3963.158203
24891.962891
7356.608398
11160.029297
9665.373047
14860.288086
5183.123047
1801.842651
5993.801758
3577.948730
9580.837891
15801.550781
1080.901733
19446.923828
30807.253906
5448.873535
11072.422852
25351.546875
14407.179688
8397.560547
5710.345215
2590.611816
7357.544922
1119.529541
2154.039307
17852.693359
22162.826172
26922.136719
7633.976562
3748.063232
4107.888672
60271.847656
6762.075195
4808.161133
3962.834717
1820.463501
7499.839844
1273.363525
16939.927734
5480.360840
21554.412109
6886.353027
41030.902344
12489.578125
11708.326172
10195.134766
16498.992188
24391.892578
8309.422852
537.439148
6756.167480
14441.515625
13949.570312
15296.424805
16963.623047
3959.583984
16788.281250
21763.693359
2148.822754
4551.742676
5633.314453
9561.338867
11864.659180
6162.613281
9114.333984
15203.769531
3055.823975
14995.845703
24411.322266
11720.579102
11278.378906
2116.953613
5500.311035
10391.946289
11951.008789
805.896790
14925.914062
11938.332031
5751.496094
1206.014893
12211.285156
7902.462402
23242.226562
28408.761719
4917.969727
67501.382812
16655.894531
8925.001953
9152.665039
4634.636719
10500.389648
18233.048828
5553.600098
9920.976562
15721.439453
4510.785156
17780.804688
19498.679688
10048.446289
20899.470703
86440.015625
21927.380859
82875.218750
3884.727295
7615.361328
13606.527344
13344.650391
6622.407715
12832.421875
4304.146484
15158.616211
21996.603516
3763.007812
38778.566406
1398.920288
12144.447266
26919.556641
4199.479492
45878.500000
25622.988281
3900.883057
69279.117188
27461.255859
9780.539062
13834.050781
22900.298828
17334.380859
11375.272461
14440.901367
19503.257812
11297.023438
1594.551758
22375.955078
12343.617188
1488.571411
9501.269531
2304.792236
20660.535156
6140.563477
17312.960938
6519.838867
11418.103516
3213.992432
4374.086914
10932.043945
26021.593750
12022.428711
15252.347656
36235.773438
3878.719482
46098.968750
24900.630859
15463.910156
12436.321289
14109.373047
5189.912598
3090.755127
14606.649414
10285.849609
3438.070801
4566.863281
6226.320801
90240.070312
7239.074707
2348.634521
4396.067383
16964.273438
11036.309570
5131.419434
17426.714844
23440.423828
40791.617188
22221.746094
18676.496094
16197.287109
22259.757812
4880.907227
6128.154297
8150.181641
11267.373047
4640.662598
8206.756836
12236.407227
4675.864258
9915.933594
11104.677734
9685.763672
13517.793945
1305.380493
10748.191406
2770.605957
35656.171875
5608.556641
20366.310547
5999.671875
3337.129639
10827.037109
27401.818359
3321.845703
5789.613770
7890.784180
2034.868896
8853.283203
5077.377930
14662.256836
16333.115234
22471.851562
7331.070312
17093.683594
12112.870117
9047.984375
18389.406250
3364.727539
831.883423
28761.873047
9286.958008
36844.554688
3240.261230
47050.718750
5445.385742
13868.644531
14523.841797
21173.265625
25925.285156
4007.536133
1472.388916
15063.241211
7026.492188
12858.426758
11377.999023
12991.419922
25208.800781
16922.246094
1278.987061
10305.079102
13124.034180
10634.532227
4043.441406
24143.498047
17600.853516
8341.321289
2392.880127
6667.426758
1056.201904
11413.165039
3928.270508
3290.972412
30651.810547
5295.214844
16350.703125
4755.742188
6742.012695
4635.431152
5978.835938
3072.537842
13976.829102
10263.037109
5930.145020
415.538300
5058.683105
7475.993164
7501.077148
17646.791016
17414.976562
18321.027344
8770.801758
1847.355347
6572.359375
9473.622070
9142.776367
12737.362305
9003.685547
6044.591797
6978.379395
14366.498047
10983.962891
4301.220215
3898.678711
6028.719727
2599.442139
5926.030273
22018.494141
8016.354004
25878.279297
27041.769531
12109.332031
13841.013672
8889.702148
5597.920898
24712.888672
1792.088623
34056.781250
18426.886719
2871.438477
8574.974609
507.215637
1614.095703
20149.861328
2196.884766
11904.666016
8526.458984
17322.744141
2116.897949
4453.761719
5634.051758
34780.812500
2694.411865
4198.663086
7203.993652
5039.308594
37103.296875
5915.411621
863.510986
1940.973999
2932.497559
22041.896484
6615.459961
62819.027344
151.611206
20937.869141
1050.405396
18645.671875
1359.567139
3699.032227
23577.878906
11945.784180
8658.011719
7996.425781
12053.019531
4642.029297
7315.309570
2957.597168
18754.064453
7228.765625
45231.804688
4606.857422
13698.023438
14613.628906
12255.400391
2345.104980
26874.595703
12540.620117
10231.554688
23606.654297
4453.561523
3500.260742
5191.777832
4468.188965
6481.735352
12415.731445
9032.800781
3005.222412
30332.804688
17898.824219
17821.697266
232.882751
21142.683594
3671.650391
3966.770996
4732.937988
1165.247803
6674.513672
7585.912109
4152.075684
10901.662109
19015.277344
8657.198242
4978.347656
2500.634521
3560.946289
18390.173828